#   102   100    1     101   0.000   
   -49.50000000    	 0.00000000     	 0
   -48.50000000    	 0.00000000     	 1
   -47.50000000    	 0.00000000     	 2
   -46.50000000    	 0.00000000     	 3
   -45.50000000    	 0.00000000     	 4
   -44.50000000    	 0.00000000     	 5
   -43.50000000    	 0.00000000     	 6
   -42.50000000    	 0.00000000     	 7
   -41.50000000    	 0.00000000     	 8
   -40.50000000    	 0.00000000     	 9
   -39.50000000    	 0.00000000     	 10
   -38.50000000    	 0.00000000     	 11
   -37.50000000    	 0.00000000     	 12
   -36.50000000    	 0.00000000     	 13
   -35.50000000    	 0.00000000     	 14
   -34.50000000    	 0.00000000     	 15
   -33.50000000    	 0.00000000     	 16
   -32.50000000    	 0.00000000     	 17
   -31.50000000    	 0.00000000     	 18
   -30.50000000    	 0.00000000     	 19
   -29.50000000    	 0.00000000     	 20
   -28.50000000    	 0.00000000     	 21
   -27.50000000    	 0.00000000     	 22
   -26.50000000    	 0.00000000     	 23
   -25.50000000    	 0.00000000     	 24
   -24.50000000    	 0.00000000     	 25
   -23.50000000    	 0.00000000     	 26
   -22.50000000    	 0.00000000     	 27
   -21.50000000    	 0.00000000     	 28
   -20.50000000    	 0.00000000     	 29
   -19.50000000    	 0.00000000     	 30
   -18.50000000    	 0.00000000     	 31
   -17.50000000    	 0.00000000     	 32
   -16.50000000    	 0.00000000     	 33
   -15.50000000    	 0.00000000     	 34
   -14.50000000    	 0.00000000     	 35
   -13.50000000    	 0.00000000     	 36
   -12.50000000    	 0.00000000     	 37
   -11.50000000    	 0.00000000     	 38
   -10.50000000    	 0.00000000     	 39
   -9.50000000    	 0.00000000     	 40
   -8.50000000    	 0.00000000     	 41
   -7.50000000    	 0.00000000     	 42
   -6.50000000    	 0.00000000     	 43
   -5.50000000    	 0.00000000     	 44
   -4.50000000    	 0.00000000     	 45
   -3.50000000    	 0.00000000     	 46
   -2.50000000    	 0.00000000     	 47
   -1.50000000    	 0.00000000     	 48
   -0.50000000    	 0.00000000     	 49
   0.50000000    	 0.00000000     	 50
   1.50000000    	 0.00000000     	 51
   2.50000000    	 0.00000000     	 52
   3.50000000    	 0.00000000     	 53
   4.50000000    	 0.00000000     	 54
   5.50000000    	 0.00000000     	 55
   6.50000000    	 0.00000000     	 56
   7.50000000    	 0.00000000     	 57
   8.50000000    	 0.00000000     	 58
   9.50000000    	 0.00000000     	 59
   10.50000000    	 0.00000000     	 60
   11.50000000    	 0.00000000     	 61
   12.50000000    	 0.00000000     	 62
   13.50000000    	 0.00000000     	 63
   14.50000000    	 0.00000000     	 64
   15.50000000    	 0.00000000     	 65
   16.50000000    	 0.00000000     	 66
   17.50000000    	 0.00000000     	 67
   18.50000000    	 0.00000000     	 68
   19.50000000    	 0.00000000     	 69
   20.50000000    	 0.00000000     	 70
   21.50000000    	 0.00000000     	 71
   22.50000000    	 0.00000000     	 72
   23.50000000    	 0.00000000     	 73
   24.50000000    	 0.00000000     	 74
   25.50000000    	 0.00000000     	 75
   26.50000000    	 0.00000000     	 76
   27.50000000    	 0.00000000     	 77
   28.50000000    	 0.00000000     	 78
   29.50000000    	 0.00000000     	 79
   30.50000000    	 0.00000000     	 80
   31.50000000    	 0.00000000     	 81
   32.50000000    	 0.00000000     	 82
   33.50000000    	 0.00000000     	 83
   34.50000000    	 0.00000000     	 84
   35.50000000    	 0.00000000     	 85
   36.50000000    	 0.00000000     	 86
   37.50000000    	 0.00000000     	 87
   38.50000000    	 0.00000000     	 88
   39.50000000    	 0.00000000     	 89
   40.50000000    	 0.00000000     	 90
   41.50000000    	 0.00000000     	 91
   42.50000000    	 0.00000000     	 92
   43.50000000    	 0.00000000     	 93
   44.50000000    	 0.00000000     	 94
   45.50000000    	 0.00000000     	 95
   46.50000000    	 0.00000000     	 96
   47.50000000    	 0.00000000     	 97
   48.50000000    	 0.00000000     	 98
   49.50000000    	 0.00000000     	 99


#   102   100    1     101   1.001   
   -49.50000000    	 0.00000000     	 0
   -48.50000000    	 0.00000000     	 1
   -47.50000000    	 0.00000000     	 2
   -46.50000000    	 0.00000000     	 3
   -45.50000000    	 0.00000000     	 4
   -44.50000000    	 0.00000000     	 5
   -43.50000000    	 0.00000000     	 6
   -42.50000000    	 0.00000000     	 7
   -41.50000000    	 0.00000000     	 8
   -40.50000000    	 0.00000000     	 9
   -39.50000000    	 0.00000000     	 10
   -38.50000000    	 0.00000000     	 11
   -37.50000000    	 0.00000000     	 12
   -36.50000000    	 0.00000000     	 13
   -35.50000000    	 0.00000000     	 14
   -34.50000000    	 0.00000000     	 15
   -33.50000000    	 0.00000000     	 16
   -32.50000000    	 0.00000000     	 17
   -31.50000000    	 0.00000000     	 18
   -30.50000000    	 0.00000000     	 19
   -29.50000000    	 0.00000000     	 20
   -28.50000000    	 0.00000000     	 21
   -27.50000000    	 0.00000000     	 22
   -26.50000000    	 0.00000000     	 23
   -25.50000000    	 0.00000000     	 24
   -24.50000000    	 0.00000000     	 25
   -23.50000000    	 0.00000000     	 26
   -22.50000000    	 0.00000000     	 27
   -21.50000000    	 0.00000000     	 28
   -20.50000000    	 0.00000000     	 29
   -19.50000000    	 0.00000000     	 30
   -18.50000000    	 0.00000000     	 31
   -17.50000000    	 0.00000000     	 32
   -16.50000000    	 0.00000000     	 33
   -15.50000000    	 0.00000000     	 34
   -14.50000000    	 0.00000000     	 35
   -13.50000000    	 0.00000000     	 36
   -12.50000000    	 0.00000000     	 37
   -11.50000000    	 0.00000000     	 38
   -10.50000000    	 0.00000000     	 39
   -9.50000000    	 0.00000000     	 40
   -8.50000000    	 0.00000000     	 41
   -7.50000000    	 0.00000000     	 42
   -6.50000000    	 0.00000000     	 43
   -5.50000000    	 0.00000000     	 44
   -4.50000000    	 0.00000000     	 45
   -3.50000000    	 0.00000000     	 46
   -2.50000000    	 0.00000000     	 47
   -1.50000000    	 0.00000000     	 48
   -0.50000000    	 0.00000000     	 49
   0.50000000    	 0.00000000     	 50
   1.50000000    	 0.00000000     	 51
   2.50000000    	 0.00000000     	 52
   3.50000000    	 0.00000000     	 53
   4.50000000    	 0.00000000     	 54
   5.50000000    	 0.00000000     	 55
   6.50000000    	 0.00000000     	 56
   7.50000000    	 0.00000000     	 57
   8.50000000    	 0.00000000     	 58
   9.50000000    	 0.00000000     	 59
   10.50000000    	 0.00000000     	 60
   11.50000000    	 0.00000000     	 61
   12.50000000    	 0.00000000     	 62
   13.50000000    	 0.00000000     	 63
   14.50000000    	 0.00000000     	 64
   15.50000000    	 0.00000000     	 65
   16.50000000    	 0.00000000     	 66
   17.50000000    	 0.00000000     	 67
   18.50000000    	 0.00000000     	 68
   19.50000000    	 0.00000000     	 69
   20.50000000    	 0.00000000     	 70
   21.50000000    	 0.00000000     	 71
   22.50000000    	 0.00000000     	 72
   23.50000000    	 0.00000000     	 73
   24.50000000    	 0.00000000     	 74
   25.50000000    	 0.00000000     	 75
   26.50000000    	 0.00000000     	 76
   27.50000000    	 0.00000000     	 77
   28.50000000    	 0.00000000     	 78
   29.50000000    	 0.00000000     	 79
   30.50000000    	 0.00000000     	 80
   31.50000000    	 0.00000000     	 81
   32.50000000    	 0.00000000     	 82
   33.50000000    	 0.00000000     	 83
   34.50000000    	 0.00000000     	 84
   35.50000000    	 0.00000000     	 85
   36.50000000    	 0.00000000     	 86
   37.50000000    	 0.00000000     	 87
   38.50000000    	 0.00000000     	 88
   39.50000000    	 0.00000000     	 89
   40.50000000    	 0.00000000     	 90
   41.50000000    	 0.00000000     	 91
   42.50000000    	 0.00000000     	 92
   43.50000000    	 0.00000000     	 93
   44.50000000    	 0.00000000     	 94
   45.50000000    	 0.00000000     	 95
   46.50000000    	 0.00000000     	 96
   47.50000000    	 0.00000000     	 97
   48.50000000    	 0.00000000     	 98
   49.50000000    	 0.00000000     	 99


#   102   100    1     101   2.001   
   -49.50000000    	 0.00000000     	 0
   -48.50000000    	 0.00000000     	 1
   -47.50000000    	 0.00000000     	 2
   -46.50000000    	 0.00000000     	 3
   -45.50000000    	 0.00000000     	 4
   -44.50000000    	 0.00000000     	 5
   -43.50000000    	 0.00000000     	 6
   -42.50000000    	 0.00000000     	 7
   -41.50000000    	 0.00000000     	 8
   -40.50000000    	 0.00000000     	 9
   -39.50000000    	 0.00000000     	 10
   -38.50000000    	 0.00000000     	 11
   -37.50000000    	 0.00000000     	 12
   -36.50000000    	 0.00000000     	 13
   -35.50000000    	 0.00000000     	 14
   -34.50000000    	 0.00000000     	 15
   -33.50000000    	 0.00000000     	 16
   -32.50000000    	 0.00000000     	 17
   -31.50000000    	 0.00000000     	 18
   -30.50000000    	 0.00000000     	 19
   -29.50000000    	 0.00000000     	 20
   -28.50000000    	 0.00000000     	 21
   -27.50000000    	 0.00000000     	 22
   -26.50000000    	 0.00000000     	 23
   -25.50000000    	 0.00000000     	 24
   -24.50000000    	 0.00000000     	 25
   -23.50000000    	 0.00000000     	 26
   -22.50000000    	 0.00000000     	 27
   -21.50000000    	 0.00000000     	 28
   -20.50000000    	 0.00000000     	 29
   -19.50000000    	 0.00000000     	 30
   -18.50000000    	 0.00000000     	 31
   -17.50000000    	 0.00000000     	 32
   -16.50000000    	 0.00000000     	 33
   -15.50000000    	 0.00000000     	 34
   -14.50000000    	 0.00000000     	 35
   -13.50000000    	 0.00000000     	 36
   -12.50000000    	 0.00000000     	 37
   -11.50000000    	 0.00000000     	 38
   -10.50000000    	 0.00000000     	 39
   -9.50000000    	 0.00000000     	 40
   -8.50000000    	 0.00000000     	 41
   -7.50000000    	 0.00000000     	 42
   -6.50000000    	 0.00000000     	 43
   -5.50000000    	 0.00000000     	 44
   -4.50000000    	 0.00000000     	 45
   -3.50000000    	 0.00000000     	 46
   -2.50000000    	 0.00000000     	 47
   -1.50000000    	 0.00000000     	 48
   -0.50000000    	 0.00000000     	 49
   0.50000000    	 0.00000000     	 50
   1.50000000    	 0.00000000     	 51
   2.50000000    	 0.00000000     	 52
   3.50000000    	 0.00000000     	 53
   4.50000000    	 0.00000000     	 54
   5.50000000    	 0.00000000     	 55
   6.50000000    	 0.00000000     	 56
   7.50000000    	 0.00000000     	 57
   8.50000000    	 0.00000000     	 58
   9.50000000    	 0.00000000     	 59
   10.50000000    	 0.00000000     	 60
   11.50000000    	 0.00000000     	 61
   12.50000000    	 0.00000000     	 62
   13.50000000    	 0.00000000     	 63
   14.50000000    	 0.00000000     	 64
   15.50000000    	 0.00000000     	 65
   16.50000000    	 0.00000000     	 66
   17.50000000    	 0.00000000     	 67
   18.50000000    	 0.00000000     	 68
   19.50000000    	 0.00000000     	 69
   20.50000000    	 0.00000000     	 70
   21.50000000    	 0.00000000     	 71
   22.50000000    	 0.00000000     	 72
   23.50000000    	 0.00000000     	 73
   24.50000000    	 0.00000000     	 74
   25.50000000    	 0.00000000     	 75
   26.50000000    	 0.00000000     	 76
   27.50000000    	 0.00000000     	 77
   28.50000000    	 0.00000000     	 78
   29.50000000    	 0.00000000     	 79
   30.50000000    	 0.00000000     	 80
   31.50000000    	 0.00000000     	 81
   32.50000000    	 0.00000000     	 82
   33.50000000    	 0.00000000     	 83
   34.50000000    	 0.00000000     	 84
   35.50000000    	 0.00000000     	 85
   36.50000000    	 0.00000000     	 86
   37.50000000    	 0.00000000     	 87
   38.50000000    	 0.00000000     	 88
   39.50000000    	 0.00000000     	 89
   40.50000000    	 0.00000000     	 90
   41.50000000    	 0.00000000     	 91
   42.50000000    	 0.00000000     	 92
   43.50000000    	 0.00000000     	 93
   44.50000000    	 0.00000000     	 94
   45.50000000    	 0.00000000     	 95
   46.50000000    	 0.00000000     	 96
   47.50000000    	 0.00000000     	 97
   48.50000000    	 0.00000000     	 98
   49.50000000    	 0.00000000     	 99


#   102   100    1     101   3.001   
   -49.50000000    	 0.00000000     	 0
   -48.50000000    	 0.00000000     	 1
   -47.50000000    	 0.00000000     	 2
   -46.50000000    	 0.00000000     	 3
   -45.50000000    	 0.00000000     	 4
   -44.50000000    	 0.00000000     	 5
   -43.50000000    	 0.00000000     	 6
   -42.50000000    	 0.00000000     	 7
   -41.50000000    	 0.00000000     	 8
   -40.50000000    	 0.00000000     	 9
   -39.50000000    	 0.00000000     	 10
   -38.50000000    	 0.00000000     	 11
   -37.50000000    	 0.00000000     	 12
   -36.50000000    	 0.00000000     	 13
   -35.50000000    	 0.00000000     	 14
   -34.50000000    	 0.00000000     	 15
   -33.50000000    	 0.00000000     	 16
   -32.50000000    	 0.00000000     	 17
   -31.50000000    	 0.00000000     	 18
   -30.50000000    	 0.00000000     	 19
   -29.50000000    	 0.00000000     	 20
   -28.50000000    	 0.00000000     	 21
   -27.50000000    	 0.00000000     	 22
   -26.50000000    	 0.00000000     	 23
   -25.50000000    	 0.00000000     	 24
   -24.50000000    	 0.00000000     	 25
   -23.50000000    	 0.00000000     	 26
   -22.50000000    	 0.00000000     	 27
   -21.50000000    	 0.00000000     	 28
   -20.50000000    	 0.00000000     	 29
   -19.50000000    	 0.00000000     	 30
   -18.50000000    	 0.00000000     	 31
   -17.50000000    	 0.00000000     	 32
   -16.50000000    	 0.00000000     	 33
   -15.50000000    	 0.00000000     	 34
   -14.50000000    	 0.00000000     	 35
   -13.50000000    	 0.00000000     	 36
   -12.50000000    	 0.00000000     	 37
   -11.50000000    	 0.00000000     	 38
   -10.50000000    	 0.00000000     	 39
   -9.50000000    	 0.00000000     	 40
   -8.50000000    	 0.00000000     	 41
   -7.50000000    	 0.00000000     	 42
   -6.50000000    	 0.00000000     	 43
   -5.50000000    	 0.00000000     	 44
   -4.50000000    	 0.00000000     	 45
   -3.50000000    	 0.00000000     	 46
   -2.50000000    	 0.00000000     	 47
   -1.50000000    	 0.00000000     	 48
   -0.50000000    	 0.00000000     	 49
   0.50000000    	 0.00000000     	 50
   1.50000000    	 0.00000000     	 51
   2.50000000    	 0.00000000     	 52
   3.50000000    	 0.00000000     	 53
   4.50000000    	 0.00000000     	 54
   5.50000000    	 0.00000000     	 55
   6.50000000    	 0.00000000     	 56
   7.50000000    	 0.00000000     	 57
   8.50000000    	 0.00000000     	 58
   9.50000000    	 0.00000000     	 59
   10.50000000    	 0.00000000     	 60
   11.50000000    	 0.00000000     	 61
   12.50000000    	 0.00000000     	 62
   13.50000000    	 0.00000000     	 63
   14.50000000    	 0.00000000     	 64
   15.50000000    	 0.00000000     	 65
   16.50000000    	 0.00000000     	 66
   17.50000000    	 0.00000000     	 67
   18.50000000    	 0.00000000     	 68
   19.50000000    	 0.00000000     	 69
   20.50000000    	 0.00000000     	 70
   21.50000000    	 0.00000000     	 71
   22.50000000    	 0.00000000     	 72
   23.50000000    	 0.00000000     	 73
   24.50000000    	 0.00000000     	 74
   25.50000000    	 0.00000000     	 75
   26.50000000    	 0.00000000     	 76
   27.50000000    	 0.00000000     	 77
   28.50000000    	 0.00000000     	 78
   29.50000000    	 0.00000000     	 79
   30.50000000    	 0.00000000     	 80
   31.50000000    	 0.00000000     	 81
   32.50000000    	 0.00000000     	 82
   33.50000000    	 0.00000000     	 83
   34.50000000    	 0.00000000     	 84
   35.50000000    	 0.00000000     	 85
   36.50000000    	 0.00000000     	 86
   37.50000000    	 0.00000000     	 87
   38.50000000    	 0.00000000     	 88
   39.50000000    	 0.00000000     	 89
   40.50000000    	 0.00000000     	 90
   41.50000000    	 0.00000000     	 91
   42.50000000    	 0.00000000     	 92
   43.50000000    	 0.00000000     	 93
   44.50000000    	 0.00000000     	 94
   45.50000000    	 0.00000000     	 95
   46.50000000    	 0.00000000     	 96
   47.50000000    	 0.00000000     	 97
   48.50000000    	 0.00000000     	 98
   49.50000000    	 0.00000000     	 99


#   102   100    1     101   4.001   
   -49.50000000    	 0.00000000     	 0
   -48.50000000    	 0.00000000     	 1
   -47.50000000    	 0.00000000     	 2
   -46.50000000    	 0.00000000     	 3
   -45.50000000    	 0.00000000     	 4
   -44.50000000    	 0.00000000     	 5
   -43.50000000    	 0.00000000     	 6
   -42.50000000    	 0.00000000     	 7
   -41.50000000    	 0.00000000     	 8
   -40.50000000    	 0.00000000     	 9
   -39.50000000    	 0.00000000     	 10
   -38.50000000    	 0.00000000     	 11
   -37.50000000    	 0.00000000     	 12
   -36.50000000    	 0.00000000     	 13
   -35.50000000    	 0.00000000     	 14
   -34.50000000    	 0.00000000     	 15
   -33.50000000    	 0.00000000     	 16
   -32.50000000    	 0.00000000     	 17
   -31.50000000    	 0.00000000     	 18
   -30.50000000    	 0.00000000     	 19
   -29.50000000    	 0.00000000     	 20
   -28.50000000    	 0.00000000     	 21
   -27.50000000    	 0.00000000     	 22
   -26.50000000    	 0.00000000     	 23
   -25.50000000    	 0.00000000     	 24
   -24.50000000    	 0.00000000     	 25
   -23.50000000    	 0.00000000     	 26
   -22.50000000    	 0.00000000     	 27
   -21.50000000    	 0.00000000     	 28
   -20.50000000    	 0.00000000     	 29
   -19.50000000    	 0.00000000     	 30
   -18.50000000    	 0.00000000     	 31
   -17.50000000    	 0.00000000     	 32
   -16.50000000    	 0.00000000     	 33
   -15.50000000    	 0.00000000     	 34
   -14.50000000    	 0.00000000     	 35
   -13.50000000    	 0.00000000     	 36
   -12.50000000    	 0.00000000     	 37
   -11.50000000    	 0.00000000     	 38
   -10.50000000    	 0.00000000     	 39
   -9.50000000    	 0.00000000     	 40
   -8.50000000    	 0.00000000     	 41
   -7.50000000    	 0.00000000     	 42
   -6.50000000    	 0.00000000     	 43
   -5.50000000    	 0.00000000     	 44
   -4.50000000    	 0.00000000     	 45
   -3.50000000    	 0.00000000     	 46
   -2.50000000    	 0.00000000     	 47
   -1.50000000    	 0.00000000     	 48
   -0.50000000    	 0.00000000     	 49
   0.50000000    	 0.00000000     	 50
   1.50000000    	 0.00000000     	 51
   2.50000000    	 0.00000000     	 52
   3.50000000    	 0.00000000     	 53
   4.50000000    	 0.00000000     	 54
   5.50000000    	 0.00000000     	 55
   6.50000000    	 0.00000000     	 56
   7.50000000    	 0.00000000     	 57
   8.50000000    	 0.00000000     	 58
   9.50000000    	 0.00000000     	 59
   10.50000000    	 0.00000000     	 60
   11.50000000    	 0.00000000     	 61
   12.50000000    	 0.00000000     	 62
   13.50000000    	 0.00000000     	 63
   14.50000000    	 0.00000000     	 64
   15.50000000    	 0.00000000     	 65
   16.50000000    	 0.00000000     	 66
   17.50000000    	 0.00000000     	 67
   18.50000000    	 0.00000000     	 68
   19.50000000    	 0.00000000     	 69
   20.50000000    	 0.00000000     	 70
   21.50000000    	 0.00000000     	 71
   22.50000000    	 0.00000000     	 72
   23.50000000    	 0.00000000     	 73
   24.50000000    	 0.00000000     	 74
   25.50000000    	 0.00000000     	 75
   26.50000000    	 0.00000000     	 76
   27.50000000    	 0.00000000     	 77
   28.50000000    	 0.00000000     	 78
   29.50000000    	 0.00000000     	 79
   30.50000000    	 0.00000000     	 80
   31.50000000    	 0.00000000     	 81
   32.50000000    	 0.00000000     	 82
   33.50000000    	 0.00000000     	 83
   34.50000000    	 0.00000000     	 84
   35.50000000    	 0.00000000     	 85
   36.50000000    	 0.00000000     	 86
   37.50000000    	 0.00000000     	 87
   38.50000000    	 0.00000000     	 88
   39.50000000    	 0.00000000     	 89
   40.50000000    	 0.00000000     	 90
   41.50000000    	 0.00000000     	 91
   42.50000000    	 0.00000000     	 92
   43.50000000    	 0.00000000     	 93
   44.50000000    	 0.00000000     	 94
   45.50000000    	 0.00000000     	 95
   46.50000000    	 0.00000000     	 96
   47.50000000    	 0.00000000     	 97
   48.50000000    	 0.00000000     	 98
   49.50000000    	 0.00000000     	 99


#   102   100    1     101   5.001   
   -49.50000000    	 0.00000000     	 0
   -48.50000000    	 0.00000000     	 1
   -47.50000000    	 0.00000000     	 2
   -46.50000000    	 0.00000000     	 3
   -45.50000000    	 0.00000000     	 4
   -44.50000000    	 0.00000000     	 5
   -43.50000000    	 0.00000000     	 6
   -42.50000000    	 0.00000000     	 7
   -41.50000000    	 0.00000000     	 8
   -40.50000000    	 0.00000000     	 9
   -39.50000000    	 0.00000000     	 10
   -38.50000000    	 0.00000000     	 11
   -37.50000000    	 0.00000000     	 12
   -36.50000000    	 0.00000000     	 13
   -35.50000000    	 0.00000000     	 14
   -34.50000000    	 0.00000000     	 15
   -33.50000000    	 0.00000000     	 16
   -32.50000000    	 0.00000000     	 17
   -31.50000000    	 0.00000000     	 18
   -30.50000000    	 0.00000000     	 19
   -29.50000000    	 0.00000000     	 20
   -28.50000000    	 0.00000000     	 21
   -27.50000000    	 0.00000000     	 22
   -26.50000000    	 0.00000000     	 23
   -25.50000000    	 0.00000000     	 24
   -24.50000000    	 0.00000000     	 25
   -23.50000000    	 0.00000000     	 26
   -22.50000000    	 0.00000000     	 27
   -21.50000000    	 0.00000000     	 28
   -20.50000000    	 0.00000000     	 29
   -19.50000000    	 0.00000000     	 30
   -18.50000000    	 0.00000000     	 31
   -17.50000000    	 0.00000000     	 32
   -16.50000000    	 0.00000000     	 33
   -15.50000000    	 0.00000000     	 34
   -14.50000000    	 0.00000000     	 35
   -13.50000000    	 0.00000000     	 36
   -12.50000000    	 0.00000000     	 37
   -11.50000000    	 0.00000000     	 38
   -10.50000000    	 0.00000000     	 39
   -9.50000000    	 0.00000000     	 40
   -8.50000000    	 0.00000000     	 41
   -7.50000000    	 0.00000000     	 42
   -6.50000000    	 0.00000000     	 43
   -5.50000000    	 0.00000000     	 44
   -4.50000000    	 0.00000000     	 45
   -3.50000000    	 0.00000000     	 46
   -2.50000000    	 0.00000000     	 47
   -1.50000000    	 0.00000000     	 48
   -0.50000000    	 0.00000000     	 49
   0.50000000    	 0.00000000     	 50
   1.50000000    	 0.00000000     	 51
   2.50000000    	 0.00000000     	 52
   3.50000000    	 0.00000000     	 53
   4.50000000    	 0.00000000     	 54
   5.50000000    	 0.00000000     	 55
   6.50000000    	 0.00000000     	 56
   7.50000000    	 0.00000000     	 57
   8.50000000    	 0.00000000     	 58
   9.50000000    	 0.00000000     	 59
   10.50000000    	 0.00000000     	 60
   11.50000000    	 0.00000000     	 61
   12.50000000    	 0.00000000     	 62
   13.50000000    	 0.00000000     	 63
   14.50000000    	 0.00000000     	 64
   15.50000000    	 0.00000000     	 65
   16.50000000    	 0.00000000     	 66
   17.50000000    	 0.00000000     	 67
   18.50000000    	 0.00000000     	 68
   19.50000000    	 0.00000000     	 69
   20.50000000    	 0.00000000     	 70
   21.50000000    	 0.00000000     	 71
   22.50000000    	 0.00000000     	 72
   23.50000000    	 0.00000000     	 73
   24.50000000    	 0.00000000     	 74
   25.50000000    	 0.00000000     	 75
   26.50000000    	 0.00000000     	 76
   27.50000000    	 0.00000000     	 77
   28.50000000    	 0.00000000     	 78
   29.50000000    	 0.00000000     	 79
   30.50000000    	 0.00000000     	 80
   31.50000000    	 0.00000000     	 81
   32.50000000    	 0.00000000     	 82
   33.50000000    	 0.00000000     	 83
   34.50000000    	 0.00000000     	 84
   35.50000000    	 0.00000000     	 85
   36.50000000    	 0.00000000     	 86
   37.50000000    	 0.00000000     	 87
   38.50000000    	 0.00000000     	 88
   39.50000000    	 0.00000000     	 89
   40.50000000    	 0.00000000     	 90
   41.50000000    	 0.00000000     	 91
   42.50000000    	 0.00000000     	 92
   43.50000000    	 0.00000000     	 93
   44.50000000    	 0.00000000     	 94
   45.50000000    	 0.00000000     	 95
   46.50000000    	 0.00000000     	 96
   47.50000000    	 0.00000000     	 97
   48.50000000    	 0.00000000     	 98
   49.50000000    	 0.00000000     	 99


#   102   100    1     101   6.001   
   -49.50000000    	 0.00000000     	 0
   -48.50000000    	 0.00000000     	 1
   -47.50000000    	 0.00000000     	 2
   -46.50000000    	 0.00000000     	 3
   -45.50000000    	 0.00000000     	 4
   -44.50000000    	 0.00000000     	 5
   -43.50000000    	 0.00000000     	 6
   -42.50000000    	 0.00000000     	 7
   -41.50000000    	 0.00000000     	 8
   -40.50000000    	 0.00000000     	 9
   -39.50000000    	 0.00000000     	 10
   -38.50000000    	 0.00000000     	 11
   -37.50000000    	 0.00000000     	 12
   -36.50000000    	 0.00000000     	 13
   -35.50000000    	 0.00000000     	 14
   -34.50000000    	 0.00000000     	 15
   -33.50000000    	 0.00000000     	 16
   -32.50000000    	 0.00000000     	 17
   -31.50000000    	 0.00000000     	 18
   -30.50000000    	 0.00000000     	 19
   -29.50000000    	 0.00000000     	 20
   -28.50000000    	 0.00000000     	 21
   -27.50000000    	 0.00000000     	 22
   -26.50000000    	 0.00000000     	 23
   -25.50000000    	 0.00000000     	 24
   -24.50000000    	 0.00000000     	 25
   -23.50000000    	 0.00000000     	 26
   -22.50000000    	 0.00000000     	 27
   -21.50000000    	 0.00000000     	 28
   -20.50000000    	 0.00000000     	 29
   -19.50000000    	 0.00000000     	 30
   -18.50000000    	 0.00000000     	 31
   -17.50000000    	 0.00000000     	 32
   -16.50000000    	 0.00000000     	 33
   -15.50000000    	 0.00000000     	 34
   -14.50000000    	 0.00000000     	 35
   -13.50000000    	 0.00000000     	 36
   -12.50000000    	 0.00000000     	 37
   -11.50000000    	 0.00000000     	 38
   -10.50000000    	 0.00000000     	 39
   -9.50000000    	 0.00000000     	 40
   -8.50000000    	 0.00000000     	 41
   -7.50000000    	 0.00000000     	 42
   -6.50000000    	 0.00000000     	 43
   -5.50000000    	 0.00000000     	 44
   -4.50000000    	 0.00000000     	 45
   -3.50000000    	 0.00000000     	 46
   -2.50000000    	 0.00000000     	 47
   -1.50000000    	 0.00000000     	 48
   -0.50000000    	 0.00000000     	 49
   0.50000000    	 0.00000000     	 50
   1.50000000    	 0.00000000     	 51
   2.50000000    	 0.00000000     	 52
   3.50000000    	 0.00000000     	 53
   4.50000000    	 0.00000000     	 54
   5.50000000    	 0.00000000     	 55
   6.50000000    	 0.00000000     	 56
   7.50000000    	 0.00000000     	 57
   8.50000000    	 0.00000000     	 58
   9.50000000    	 0.00000000     	 59
   10.50000000    	 0.00000000     	 60
   11.50000000    	 0.00000000     	 61
   12.50000000    	 0.00000000     	 62
   13.50000000    	 0.00000000     	 63
   14.50000000    	 0.00000000     	 64
   15.50000000    	 0.00000000     	 65
   16.50000000    	 0.00000000     	 66
   17.50000000    	 0.00000000     	 67
   18.50000000    	 0.00000000     	 68
   19.50000000    	 0.00000000     	 69
   20.50000000    	 0.00000000     	 70
   21.50000000    	 0.00000000     	 71
   22.50000000    	 0.00000000     	 72
   23.50000000    	 0.00000000     	 73
   24.50000000    	 0.00000000     	 74
   25.50000000    	 0.00000000     	 75
   26.50000000    	 0.00000000     	 76
   27.50000000    	 0.00000000     	 77
   28.50000000    	 0.00000000     	 78
   29.50000000    	 0.00000000     	 79
   30.50000000    	 0.00000000     	 80
   31.50000000    	 0.00000000     	 81
   32.50000000    	 0.00000000     	 82
   33.50000000    	 0.00000000     	 83
   34.50000000    	 0.00000000     	 84
   35.50000000    	 0.00000000     	 85
   36.50000000    	 0.00000000     	 86
   37.50000000    	 0.00000000     	 87
   38.50000000    	 0.00000000     	 88
   39.50000000    	 0.00000000     	 89
   40.50000000    	 0.00000000     	 90
   41.50000000    	 0.00000000     	 91
   42.50000000    	 0.00000000     	 92
   43.50000000    	 0.00000000     	 93
   44.50000000    	 0.00000000     	 94
   45.50000000    	 0.00000000     	 95
   46.50000000    	 0.00000000     	 96
   47.50000000    	 0.00000000     	 97
   48.50000000    	 0.00000000     	 98
   49.50000000    	 0.00000000     	 99


#   102   100    1     101   7.001   
   -49.50000000    	 0.00000000     	 0
   -48.50000000    	 0.00000000     	 1
   -47.50000000    	 0.00000000     	 2
   -46.50000000    	 0.00000000     	 3
   -45.50000000    	 0.00000000     	 4
   -44.50000000    	 0.00000000     	 5
   -43.50000000    	 0.00000000     	 6
   -42.50000000    	 0.00000000     	 7
   -41.50000000    	 0.00000000     	 8
   -40.50000000    	 0.00000000     	 9
   -39.50000000    	 0.00000000     	 10
   -38.50000000    	 0.00000000     	 11
   -37.50000000    	 0.00000000     	 12
   -36.50000000    	 0.00000000     	 13
   -35.50000000    	 0.00000000     	 14
   -34.50000000    	 0.00000000     	 15
   -33.50000000    	 0.00000000     	 16
   -32.50000000    	 0.00000000     	 17
   -31.50000000    	 0.00000000     	 18
   -30.50000000    	 0.00000000     	 19
   -29.50000000    	 0.00000000     	 20
   -28.50000000    	 0.00000000     	 21
   -27.50000000    	 0.00000000     	 22
   -26.50000000    	 0.00000000     	 23
   -25.50000000    	 0.00000000     	 24
   -24.50000000    	 0.00000000     	 25
   -23.50000000    	 0.00000000     	 26
   -22.50000000    	 0.00000000     	 27
   -21.50000000    	 0.00000000     	 28
   -20.50000000    	 0.00000000     	 29
   -19.50000000    	 0.00000000     	 30
   -18.50000000    	 0.00000000     	 31
   -17.50000000    	 0.00000000     	 32
   -16.50000000    	 0.00000000     	 33
   -15.50000000    	 0.00000000     	 34
   -14.50000000    	 0.00000000     	 35
   -13.50000000    	 0.00000000     	 36
   -12.50000000    	 0.00000000     	 37
   -11.50000000    	 0.00000000     	 38
   -10.50000000    	 0.00000000     	 39
   -9.50000000    	 0.00000000     	 40
   -8.50000000    	 0.00000000     	 41
   -7.50000000    	 0.00000000     	 42
   -6.50000000    	 0.00000000     	 43
   -5.50000000    	 0.00000000     	 44
   -4.50000000    	 0.00000000     	 45
   -3.50000000    	 0.00000000     	 46
   -2.50000000    	 0.00000000     	 47
   -1.50000000    	 0.00000000     	 48
   -0.50000000    	 0.00000000     	 49
   0.50000000    	 0.00000000     	 50
   1.50000000    	 0.00000000     	 51
   2.50000000    	 0.00000000     	 52
   3.50000000    	 0.00000000     	 53
   4.50000000    	 0.00000000     	 54
   5.50000000    	 0.00000000     	 55
   6.50000000    	 0.00000000     	 56
   7.50000000    	 0.00000000     	 57
   8.50000000    	 0.00000000     	 58
   9.50000000    	 0.00000000     	 59
   10.50000000    	 0.00000000     	 60
   11.50000000    	 0.00000000     	 61
   12.50000000    	 0.00000000     	 62
   13.50000000    	 0.00000000     	 63
   14.50000000    	 0.00000000     	 64
   15.50000000    	 0.00000000     	 65
   16.50000000    	 0.00000000     	 66
   17.50000000    	 0.00000000     	 67
   18.50000000    	 0.00000000     	 68
   19.50000000    	 0.00000000     	 69
   20.50000000    	 0.00000000     	 70
   21.50000000    	 0.00000000     	 71
   22.50000000    	 0.00000000     	 72
   23.50000000    	 0.00000000     	 73
   24.50000000    	 0.00000000     	 74
   25.50000000    	 0.00000000     	 75
   26.50000000    	 0.00000000     	 76
   27.50000000    	 0.00000000     	 77
   28.50000000    	 0.00000000     	 78
   29.50000000    	 0.00000000     	 79
   30.50000000    	 0.00000000     	 80
   31.50000000    	 0.00000000     	 81
   32.50000000    	 0.00000000     	 82
   33.50000000    	 0.00000000     	 83
   34.50000000    	 0.00000000     	 84
   35.50000000    	 0.00000000     	 85
   36.50000000    	 0.00000000     	 86
   37.50000000    	 0.00000000     	 87
   38.50000000    	 0.00000000     	 88
   39.50000000    	 0.00000000     	 89
   40.50000000    	 0.00000000     	 90
   41.50000000    	 0.00000000     	 91
   42.50000000    	 0.00000000     	 92
   43.50000000    	 0.00000000     	 93
   44.50000000    	 0.00000000     	 94
   45.50000000    	 0.00000000     	 95
   46.50000000    	 0.00000000     	 96
   47.50000000    	 0.00000000     	 97
   48.50000000    	 0.00000000     	 98
   49.50000000    	 0.00000000     	 99


#   102   100    1     101   8.001   
   -49.50000000    	 0.00000000     	 0
   -48.50000000    	 0.00000000     	 1
   -47.50000000    	 0.00000000     	 2
   -46.50000000    	 0.00000000     	 3
   -45.50000000    	 0.00000000     	 4
   -44.50000000    	 0.00000000     	 5
   -43.50000000    	 0.00000000     	 6
   -42.50000000    	 0.00000000     	 7
   -41.50000000    	 0.00000000     	 8
   -40.50000000    	 0.00000000     	 9
   -39.50000000    	 0.00000000     	 10
   -38.50000000    	 0.00000000     	 11
   -37.50000000    	 0.00000000     	 12
   -36.50000000    	 0.00000000     	 13
   -35.50000000    	 0.00000000     	 14
   -34.50000000    	 0.00000000     	 15
   -33.50000000    	 0.00000000     	 16
   -32.50000000    	 0.00000000     	 17
   -31.50000000    	 0.00000000     	 18
   -30.50000000    	 0.00000000     	 19
   -29.50000000    	 0.00000000     	 20
   -28.50000000    	 0.00000000     	 21
   -27.50000000    	 0.00000000     	 22
   -26.50000000    	 0.00000000     	 23
   -25.50000000    	 0.00000000     	 24
   -24.50000000    	 0.00000000     	 25
   -23.50000000    	 0.00000000     	 26
   -22.50000000    	 0.00000000     	 27
   -21.50000000    	 0.00000000     	 28
   -20.50000000    	 0.00000000     	 29
   -19.50000000    	 0.00000000     	 30
   -18.50000000    	 0.00000000     	 31
   -17.50000000    	 0.00000000     	 32
   -16.50000000    	 0.00000000     	 33
   -15.50000000    	 0.00000000     	 34
   -14.50000000    	 0.00000000     	 35
   -13.50000000    	 0.00000000     	 36
   -12.50000000    	 0.00000000     	 37
   -11.50000000    	 0.00000000     	 38
   -10.50000000    	 0.00000000     	 39
   -9.50000000    	 0.00000000     	 40
   -8.50000000    	 0.00000000     	 41
   -7.50000000    	 0.00000000     	 42
   -6.50000000    	 0.00000000     	 43
   -5.50000000    	 0.00000000     	 44
   -4.50000000    	 0.00000000     	 45
   -3.50000000    	 0.00000000     	 46
   -2.50000000    	 0.00000000     	 47
   -1.50000000    	 0.00000000     	 48
   -0.50000000    	 0.00000000     	 49
   0.50000000    	 0.00000000     	 50
   1.50000000    	 0.00000000     	 51
   2.50000000    	 0.00000000     	 52
   3.50000000    	 0.00000000     	 53
   4.50000000    	 0.00000000     	 54
   5.50000000    	 0.00000000     	 55
   6.50000000    	 0.00000000     	 56
   7.50000000    	 0.00000000     	 57
   8.50000000    	 0.00000000     	 58
   9.50000000    	 0.00000000     	 59
   10.50000000    	 0.00000000     	 60
   11.50000000    	 0.00000000     	 61
   12.50000000    	 0.00000000     	 62
   13.50000000    	 0.00000000     	 63
   14.50000000    	 0.00000000     	 64
   15.50000000    	 0.00000000     	 65
   16.50000000    	 0.00000000     	 66
   17.50000000    	 0.00000000     	 67
   18.50000000    	 0.00000000     	 68
   19.50000000    	 0.00000000     	 69
   20.50000000    	 0.00000000     	 70
   21.50000000    	 0.00000000     	 71
   22.50000000    	 0.00000000     	 72
   23.50000000    	 0.00000000     	 73
   24.50000000    	 0.00000000     	 74
   25.50000000    	 0.00000000     	 75
   26.50000000    	 0.00000000     	 76
   27.50000000    	 0.00000000     	 77
   28.50000000    	 0.00000000     	 78
   29.50000000    	 0.00000000     	 79
   30.50000000    	 0.00000000     	 80
   31.50000000    	 0.00000000     	 81
   32.50000000    	 0.00000000     	 82
   33.50000000    	 0.00000000     	 83
   34.50000000    	 0.00000000     	 84
   35.50000000    	 0.00000000     	 85
   36.50000000    	 0.00000000     	 86
   37.50000000    	 0.00000000     	 87
   38.50000000    	 0.00000000     	 88
   39.50000000    	 0.00000000     	 89
   40.50000000    	 0.00000000     	 90
   41.50000000    	 0.00000000     	 91
   42.50000000    	 0.00000000     	 92
   43.50000000    	 0.00000000     	 93
   44.50000000    	 0.00000000     	 94
   45.50000000    	 0.00000000     	 95
   46.50000000    	 0.00000000     	 96
   47.50000000    	 0.00000000     	 97
   48.50000000    	 0.00000000     	 98
   49.50000000    	 0.00000000     	 99


#   102   100    1     101   9.001   
   -49.50000000    	 0.00000000     	 0
   -48.50000000    	 0.00000000     	 1
   -47.50000000    	 0.00000000     	 2
   -46.50000000    	 0.00000000     	 3
   -45.50000000    	 0.00000000     	 4
   -44.50000000    	 0.00000000     	 5
   -43.50000000    	 0.00000000     	 6
   -42.50000000    	 0.00000000     	 7
   -41.50000000    	 0.00000000     	 8
   -40.50000000    	 0.00000000     	 9
   -39.50000000    	 0.00000000     	 10
   -38.50000000    	 0.00000000     	 11
   -37.50000000    	 0.00000000     	 12
   -36.50000000    	 0.00000000     	 13
   -35.50000000    	 0.00000000     	 14
   -34.50000000    	 0.00000000     	 15
   -33.50000000    	 0.00000000     	 16
   -32.50000000    	 0.00000000     	 17
   -31.50000000    	 0.00000000     	 18
   -30.50000000    	 0.00000000     	 19
   -29.50000000    	 0.00000000     	 20
   -28.50000000    	 0.00000000     	 21
   -27.50000000    	 0.00000000     	 22
   -26.50000000    	 0.00000000     	 23
   -25.50000000    	 0.00000000     	 24
   -24.50000000    	 0.00000000     	 25
   -23.50000000    	 0.00000000     	 26
   -22.50000000    	 0.00000000     	 27
   -21.50000000    	 0.00000000     	 28
   -20.50000000    	 0.00000000     	 29
   -19.50000000    	 0.00000000     	 30
   -18.50000000    	 0.00000000     	 31
   -17.50000000    	 0.00000000     	 32
   -16.50000000    	 0.00000000     	 33
   -15.50000000    	 0.00000000     	 34
   -14.50000000    	 0.00000000     	 35
   -13.50000000    	 0.00000000     	 36
   -12.50000000    	 0.00000000     	 37
   -11.50000000    	 0.00000000     	 38
   -10.50000000    	 0.00000000     	 39
   -9.50000000    	 0.00000000     	 40
   -8.50000000    	 0.00000000     	 41
   -7.50000000    	 0.00000000     	 42
   -6.50000000    	 0.00000000     	 43
   -5.50000000    	 0.00000000     	 44
   -4.50000000    	 0.00000000     	 45
   -3.50000000    	 0.00000000     	 46
   -2.50000000    	 0.00000000     	 47
   -1.50000000    	 0.00000000     	 48
   -0.50000000    	 0.00000000     	 49
   0.50000000    	 0.00000000     	 50
   1.50000000    	 0.00000000     	 51
   2.50000000    	 0.00000000     	 52
   3.50000000    	 0.00000000     	 53
   4.50000000    	 0.00000000     	 54
   5.50000000    	 0.00000000     	 55
   6.50000000    	 0.00000000     	 56
   7.50000000    	 0.00000000     	 57
   8.50000000    	 0.00000000     	 58
   9.50000000    	 0.00000000     	 59
   10.50000000    	 0.00000000     	 60
   11.50000000    	 0.00000000     	 61
   12.50000000    	 0.00000000     	 62
   13.50000000    	 0.00000000     	 63
   14.50000000    	 0.00000000     	 64
   15.50000000    	 0.00000000     	 65
   16.50000000    	 0.00000000     	 66
   17.50000000    	 0.00000000     	 67
   18.50000000    	 0.00000000     	 68
   19.50000000    	 0.00000000     	 69
   20.50000000    	 0.00000000     	 70
   21.50000000    	 0.00000000     	 71
   22.50000000    	 0.00000000     	 72
   23.50000000    	 0.00000000     	 73
   24.50000000    	 0.00000000     	 74
   25.50000000    	 0.00000000     	 75
   26.50000000    	 0.00000000     	 76
   27.50000000    	 0.00000000     	 77
   28.50000000    	 0.00000000     	 78
   29.50000000    	 0.00000000     	 79
   30.50000000    	 0.00000000     	 80
   31.50000000    	 0.00000000     	 81
   32.50000000    	 0.00000000     	 82
   33.50000000    	 0.00000000     	 83
   34.50000000    	 0.00000000     	 84
   35.50000000    	 0.00000000     	 85
   36.50000000    	 0.00000000     	 86
   37.50000000    	 0.00000000     	 87
   38.50000000    	 0.00000000     	 88
   39.50000000    	 0.00000000     	 89
   40.50000000    	 0.00000000     	 90
   41.50000000    	 0.00000000     	 91
   42.50000000    	 0.00000000     	 92
   43.50000000    	 0.00000000     	 93
   44.50000000    	 0.00000000     	 94
   45.50000000    	 0.00000000     	 95
   46.50000000    	 0.00000000     	 96
   47.50000000    	 0.00000000     	 97
   48.50000000    	 0.00000000     	 98
   49.50000000    	 0.00000000     	 99


#   102   100    1     101   10.001  
   -49.50000000    	 0.00000000     	 0
   -48.50000000    	 0.00000000     	 1
   -47.50000000    	 0.00000000     	 2
   -46.50000000    	 0.00000000     	 3
   -45.50000000    	 0.00000000     	 4
   -44.50000000    	 0.00000000     	 5
   -43.50000000    	 0.00000000     	 6
   -42.50000000    	 0.00000000     	 7
   -41.50000000    	 0.00000000     	 8
   -40.50000000    	 0.00000000     	 9
   -39.50000000    	 0.00000000     	 10
   -38.50000000    	 0.00000000     	 11
   -37.50000000    	 0.00000000     	 12
   -36.50000000    	 0.00000000     	 13
   -35.50000000    	 0.00000000     	 14
   -34.50000000    	 0.00000000     	 15
   -33.50000000    	 0.00000000     	 16
   -32.50000000    	 0.00000000     	 17
   -31.50000000    	 0.00000000     	 18
   -30.50000000    	 0.00000000     	 19
   -29.50000000    	 0.00000000     	 20
   -28.50000000    	 0.00000000     	 21
   -27.50000000    	 0.00000000     	 22
   -26.50000000    	 0.00000000     	 23
   -25.50000000    	 0.00000000     	 24
   -24.50000000    	 0.00000000     	 25
   -23.50000000    	 0.00000000     	 26
   -22.50000000    	 0.00000000     	 27
   -21.50000000    	 0.00000000     	 28
   -20.50000000    	 0.00000000     	 29
   -19.50000000    	 0.00000000     	 30
   -18.50000000    	 0.00000000     	 31
   -17.50000000    	 0.00000000     	 32
   -16.50000000    	 0.00000000     	 33
   -15.50000000    	 0.00000000     	 34
   -14.50000000    	 0.00000000     	 35
   -13.50000000    	 0.00000000     	 36
   -12.50000000    	 0.00000000     	 37
   -11.50000000    	 0.00000000     	 38
   -10.50000000    	 0.00000000     	 39
   -9.50000000    	 0.00000000     	 40
   -8.50000000    	 0.00000000     	 41
   -7.50000000    	 0.00000000     	 42
   -6.50000000    	 0.00000000     	 43
   -5.50000000    	 0.00000000     	 44
   -4.50000000    	 0.00000000     	 45
   -3.50000000    	 0.00000000     	 46
   -2.50000000    	 0.00000000     	 47
   -1.50000000    	 0.00000000     	 48
   -0.50000000    	 0.00000000     	 49
   0.50000000    	 0.00000000     	 50
   1.50000000    	 0.00000000     	 51
   2.50000000    	 0.00000000     	 52
   3.50000000    	 0.00000000     	 53
   4.50000000    	 0.00000000     	 54
   5.50000000    	 0.00000000     	 55
   6.50000000    	 0.00000000     	 56
   7.50000000    	 0.00000000     	 57
   8.50000000    	 0.00000000     	 58
   9.50000000    	 0.00000000     	 59
   10.50000000    	 0.00000000     	 60
   11.50000000    	 0.00000000     	 61
   12.50000000    	 0.00000000     	 62
   13.50000000    	 0.00000000     	 63
   14.50000000    	 0.00000000     	 64
   15.50000000    	 0.00000000     	 65
   16.50000000    	 0.00000000     	 66
   17.50000000    	 0.00000000     	 67
   18.50000000    	 0.00000000     	 68
   19.50000000    	 0.00000000     	 69
   20.50000000    	 0.00000000     	 70
   21.50000000    	 0.00000000     	 71
   22.50000000    	 0.00000000     	 72
   23.50000000    	 0.00000000     	 73
   24.50000000    	 0.00000000     	 74
   25.50000000    	 0.00000000     	 75
   26.50000000    	 0.00000000     	 76
   27.50000000    	 0.00000000     	 77
   28.50000000    	 0.00000000     	 78
   29.50000000    	 0.00000000     	 79
   30.50000000    	 0.00000000     	 80
   31.50000000    	 0.00000000     	 81
   32.50000000    	 0.00000000     	 82
   33.50000000    	 0.00000000     	 83
   34.50000000    	 0.00000000     	 84
   35.50000000    	 0.00000000     	 85
   36.50000000    	 0.00000000     	 86
   37.50000000    	 0.00000000     	 87
   38.50000000    	 0.00000000     	 88
   39.50000000    	 0.00000000     	 89
   40.50000000    	 0.00000000     	 90
   41.50000000    	 0.00000000     	 91
   42.50000000    	 0.00000000     	 92
   43.50000000    	 0.00000000     	 93
   44.50000000    	 0.00000000     	 94
   45.50000000    	 0.00000000     	 95
   46.50000000    	 0.00000000     	 96
   47.50000000    	 0.00000000     	 97
   48.50000000    	 0.00000000     	 98
   49.50000000    	 0.00000000     	 99


#   102   100    1     101   11.001  
   -49.50000000    	 0.00000000     	 0
   -48.50000000    	 0.00000000     	 1
   -47.50000000    	 0.00000000     	 2
   -46.50000000    	 0.00000000     	 3
   -45.50000000    	 0.00000000     	 4
   -44.50000000    	 0.00000000     	 5
   -43.50000000    	 0.00000000     	 6
   -42.50000000    	 0.00000000     	 7
   -41.50000000    	 0.00000000     	 8
   -40.50000000    	 0.00000000     	 9
   -39.50000000    	 0.00000000     	 10
   -38.50000000    	 0.00000000     	 11
   -37.50000000    	 0.00000000     	 12
   -36.50000000    	 0.00000000     	 13
   -35.50000000    	 0.00000000     	 14
   -34.50000000    	 0.00000000     	 15
   -33.50000000    	 0.00000000     	 16
   -32.50000000    	 0.00000000     	 17
   -31.50000000    	 0.00000000     	 18
   -30.50000000    	 0.00000000     	 19
   -29.50000000    	 0.00000000     	 20
   -28.50000000    	 0.00000000     	 21
   -27.50000000    	 0.00000000     	 22
   -26.50000000    	 0.00000000     	 23
   -25.50000000    	 0.00000000     	 24
   -24.50000000    	 0.00000000     	 25
   -23.50000000    	 0.00000000     	 26
   -22.50000000    	 0.00000000     	 27
   -21.50000000    	 0.00000000     	 28
   -20.50000000    	 0.00000000     	 29
   -19.50000000    	 0.00000000     	 30
   -18.50000000    	 0.00000000     	 31
   -17.50000000    	 0.00000000     	 32
   -16.50000000    	 0.00000000     	 33
   -15.50000000    	 0.00000000     	 34
   -14.50000000    	 0.00000000     	 35
   -13.50000000    	 0.00000000     	 36
   -12.50000000    	 0.00000000     	 37
   -11.50000000    	 0.00000000     	 38
   -10.50000000    	 0.00000000     	 39
   -9.50000000    	 0.00000000     	 40
   -8.50000000    	 0.00000000     	 41
   -7.50000000    	 0.00000000     	 42
   -6.50000000    	 0.00000000     	 43
   -5.50000000    	 0.00000000     	 44
   -4.50000000    	 0.00000000     	 45
   -3.50000000    	 0.00000000     	 46
   -2.50000000    	 0.00000000     	 47
   -1.50000000    	 0.00000000     	 48
   -0.50000000    	 0.00000000     	 49
   0.50000000    	 0.00000000     	 50
   1.50000000    	 0.00000000     	 51
   2.50000000    	 0.00000000     	 52
   3.50000000    	 0.00000000     	 53
   4.50000000    	 0.00000000     	 54
   5.50000000    	 0.00000000     	 55
   6.50000000    	 0.00000000     	 56
   7.50000000    	 0.00000000     	 57
   8.50000000    	 0.00000000     	 58
   9.50000000    	 0.00000000     	 59
   10.50000000    	 0.00000000     	 60
   11.50000000    	 0.00000000     	 61
   12.50000000    	 0.00000000     	 62
   13.50000000    	 0.00000000     	 63
   14.50000000    	 0.00000000     	 64
   15.50000000    	 0.00000000     	 65
   16.50000000    	 0.00000000     	 66
   17.50000000    	 0.00000000     	 67
   18.50000000    	 0.00000000     	 68
   19.50000000    	 0.00000000     	 69
   20.50000000    	 0.00000000     	 70
   21.50000000    	 0.00000000     	 71
   22.50000000    	 0.00000000     	 72
   23.50000000    	 0.00000000     	 73
   24.50000000    	 0.00000000     	 74
   25.50000000    	 0.00000000     	 75
   26.50000000    	 0.00000000     	 76
   27.50000000    	 0.00000000     	 77
   28.50000000    	 0.00000000     	 78
   29.50000000    	 0.00000000     	 79
   30.50000000    	 0.00000000     	 80
   31.50000000    	 0.00000000     	 81
   32.50000000    	 0.00000000     	 82
   33.50000000    	 0.00000000     	 83
   34.50000000    	 0.00000000     	 84
   35.50000000    	 0.00000000     	 85
   36.50000000    	 0.00000000     	 86
   37.50000000    	 0.00000000     	 87
   38.50000000    	 0.00000000     	 88
   39.50000000    	 0.00000000     	 89
   40.50000000    	 0.00000000     	 90
   41.50000000    	 0.00000000     	 91
   42.50000000    	 0.00000000     	 92
   43.50000000    	 0.00000000     	 93
   44.50000000    	 0.00000000     	 94
   45.50000000    	 0.00000000     	 95
   46.50000000    	 0.00000000     	 96
   47.50000000    	 0.00000000     	 97
   48.50000000    	 0.00000000     	 98
   49.50000000    	 0.00000000     	 99


#   102   100    1     101   12.001  
   -49.50000000    	 0.00000000     	 0
   -48.50000000    	 0.00000000     	 1
   -47.50000000    	 0.00000000     	 2
   -46.50000000    	 0.00000000     	 3
   -45.50000000    	 0.00000000     	 4
   -44.50000000    	 0.00000000     	 5
   -43.50000000    	 0.00000000     	 6
   -42.50000000    	 0.00000000     	 7
   -41.50000000    	 0.00000000     	 8
   -40.50000000    	 0.00000000     	 9
   -39.50000000    	 0.00000000     	 10
   -38.50000000    	 0.00000000     	 11
   -37.50000000    	 0.00000000     	 12
   -36.50000000    	 0.00000000     	 13
   -35.50000000    	 0.00000000     	 14
   -34.50000000    	 0.00000000     	 15
   -33.50000000    	 0.00000000     	 16
   -32.50000000    	 0.00000000     	 17
   -31.50000000    	 0.00000000     	 18
   -30.50000000    	 0.00000000     	 19
   -29.50000000    	 0.00000000     	 20
   -28.50000000    	 0.00000000     	 21
   -27.50000000    	 0.00000000     	 22
   -26.50000000    	 0.00000000     	 23
   -25.50000000    	 0.00000000     	 24
   -24.50000000    	 0.00000000     	 25
   -23.50000000    	 0.00000000     	 26
   -22.50000000    	 0.00000000     	 27
   -21.50000000    	 0.00000000     	 28
   -20.50000000    	 0.00000000     	 29
   -19.50000000    	 0.00000000     	 30
   -18.50000000    	 0.00000000     	 31
   -17.50000000    	 0.00000000     	 32
   -16.50000000    	 0.00000000     	 33
   -15.50000000    	 0.00000000     	 34
   -14.50000000    	 0.00000000     	 35
   -13.50000000    	 0.00000000     	 36
   -12.50000000    	 0.00000000     	 37
   -11.50000000    	 0.00000000     	 38
   -10.50000000    	 0.00000000     	 39
   -9.50000000    	 0.00000000     	 40
   -8.50000000    	 0.00000000     	 41
   -7.50000000    	 0.00000000     	 42
   -6.50000000    	 0.00000000     	 43
   -5.50000000    	 0.00000000     	 44
   -4.50000000    	 0.00000000     	 45
   -3.50000000    	 0.00000000     	 46
   -2.50000000    	 0.00000000     	 47
   -1.50000000    	 0.00000000     	 48
   -0.50000000    	 0.00000000     	 49
   0.50000000    	 0.00000000     	 50
   1.50000000    	 0.00000000     	 51
   2.50000000    	 0.00000000     	 52
   3.50000000    	 0.00000000     	 53
   4.50000000    	 0.00000000     	 54
   5.50000000    	 0.00000000     	 55
   6.50000000    	 0.00000000     	 56
   7.50000000    	 0.00000000     	 57
   8.50000000    	 0.00000000     	 58
   9.50000000    	 0.00000000     	 59
   10.50000000    	 0.00000000     	 60
   11.50000000    	 0.00000000     	 61
   12.50000000    	 0.00000000     	 62
   13.50000000    	 0.00000000     	 63
   14.50000000    	 0.00000000     	 64
   15.50000000    	 0.00000000     	 65
   16.50000000    	 0.00000000     	 66
   17.50000000    	 0.00000000     	 67
   18.50000000    	 0.00000000     	 68
   19.50000000    	 0.00000000     	 69
   20.50000000    	 0.00000000     	 70
   21.50000000    	 0.00000000     	 71
   22.50000000    	 0.00000000     	 72
   23.50000000    	 0.00000000     	 73
   24.50000000    	 0.00000000     	 74
   25.50000000    	 0.00000000     	 75
   26.50000000    	 0.00000000     	 76
   27.50000000    	 0.00000000     	 77
   28.50000000    	 0.00000000     	 78
   29.50000000    	 0.00000000     	 79
   30.50000000    	 0.00000000     	 80
   31.50000000    	 0.00000000     	 81
   32.50000000    	 0.00000000     	 82
   33.50000000    	 0.00000000     	 83
   34.50000000    	 0.00000000     	 84
   35.50000000    	 0.00000000     	 85
   36.50000000    	 0.00000000     	 86
   37.50000000    	 0.00000000     	 87
   38.50000000    	 0.00000000     	 88
   39.50000000    	 0.00000000     	 89
   40.50000000    	 0.00000000     	 90
   41.50000000    	 0.00000000     	 91
   42.50000000    	 0.00000000     	 92
   43.50000000    	 0.00000000     	 93
   44.50000000    	 0.00000000     	 94
   45.50000000    	 0.00000000     	 95
   46.50000000    	 0.00000000     	 96
   47.50000000    	 0.00000000     	 97
   48.50000000    	 0.00000000     	 98
   49.50000000    	 0.00000000     	 99


#   102   100    1     101   13.001  
   -49.50000000    	 0.00000000     	 0
   -48.50000000    	 0.00000000     	 1
   -47.50000000    	 0.00000000     	 2
   -46.50000000    	 0.00000000     	 3
   -45.50000000    	 0.00000000     	 4
   -44.50000000    	 0.00000000     	 5
   -43.50000000    	 0.00000000     	 6
   -42.50000000    	 0.00000000     	 7
   -41.50000000    	 0.00000000     	 8
   -40.50000000    	 0.00000000     	 9
   -39.50000000    	 0.00000000     	 10
   -38.50000000    	 0.00000000     	 11
   -37.50000000    	 0.00000000     	 12
   -36.50000000    	 0.00000000     	 13
   -35.50000000    	 0.00000000     	 14
   -34.50000000    	 0.00000000     	 15
   -33.50000000    	 0.00000000     	 16
   -32.50000000    	 0.00000000     	 17
   -31.50000000    	 0.00000000     	 18
   -30.50000000    	 0.00000000     	 19
   -29.50000000    	 0.00000000     	 20
   -28.50000000    	 0.00000000     	 21
   -27.50000000    	 0.00000000     	 22
   -26.50000000    	 0.00000000     	 23
   -25.50000000    	 0.00000000     	 24
   -24.50000000    	 0.00000000     	 25
   -23.50000000    	 0.00000000     	 26
   -22.50000000    	 0.00000000     	 27
   -21.50000000    	 0.00000000     	 28
   -20.50000000    	 0.00000000     	 29
   -19.50000000    	 0.00000000     	 30
   -18.50000000    	 0.00000000     	 31
   -17.50000000    	 0.00000000     	 32
   -16.50000000    	 0.00000000     	 33
   -15.50000000    	 0.00000000     	 34
   -14.50000000    	 0.00000000     	 35
   -13.50000000    	 0.00000000     	 36
   -12.50000000    	 0.00000000     	 37
   -11.50000000    	 0.00000000     	 38
   -10.50000000    	 0.00000000     	 39
   -9.50000000    	 0.00000000     	 40
   -8.50000000    	 0.00000000     	 41
   -7.50000000    	 0.00000000     	 42
   -6.50000000    	 0.00000000     	 43
   -5.50000000    	 0.00000000     	 44
   -4.50000000    	 0.00000000     	 45
   -3.50000000    	 0.00000000     	 46
   -2.50000000    	 0.00000000     	 47
   -1.50000000    	 0.00000000     	 48
   -0.50000000    	 0.00000000     	 49
   0.50000000    	 0.00000000     	 50
   1.50000000    	 0.00000000     	 51
   2.50000000    	 0.00000000     	 52
   3.50000000    	 0.00000000     	 53
   4.50000000    	 0.00000000     	 54
   5.50000000    	 0.00000000     	 55
   6.50000000    	 0.00000000     	 56
   7.50000000    	 0.00000000     	 57
   8.50000000    	 0.00000000     	 58
   9.50000000    	 0.00000000     	 59
   10.50000000    	 0.00000000     	 60
   11.50000000    	 0.00000000     	 61
   12.50000000    	 0.00000000     	 62
   13.50000000    	 0.00000000     	 63
   14.50000000    	 0.00000000     	 64
   15.50000000    	 0.00000000     	 65
   16.50000000    	 0.00000000     	 66
   17.50000000    	 0.00000000     	 67
   18.50000000    	 0.00000000     	 68
   19.50000000    	 0.00000000     	 69
   20.50000000    	 0.00000000     	 70
   21.50000000    	 0.00000000     	 71
   22.50000000    	 0.00000000     	 72
   23.50000000    	 0.00000000     	 73
   24.50000000    	 0.00000000     	 74
   25.50000000    	 0.00000000     	 75
   26.50000000    	 0.00000000     	 76
   27.50000000    	 0.00000000     	 77
   28.50000000    	 0.00000000     	 78
   29.50000000    	 0.00000000     	 79
   30.50000000    	 0.00000000     	 80
   31.50000000    	 0.00000000     	 81
   32.50000000    	 0.00000000     	 82
   33.50000000    	 0.00000000     	 83
   34.50000000    	 0.00000000     	 84
   35.50000000    	 0.00000000     	 85
   36.50000000    	 0.00000000     	 86
   37.50000000    	 0.00000000     	 87
   38.50000000    	 0.00000000     	 88
   39.50000000    	 0.00000000     	 89
   40.50000000    	 0.00000000     	 90
   41.50000000    	 0.00000000     	 91
   42.50000000    	 0.00000000     	 92
   43.50000000    	 0.00000000     	 93
   44.50000000    	 0.00000000     	 94
   45.50000000    	 0.00000000     	 95
   46.50000000    	 0.00000000     	 96
   47.50000000    	 0.00000000     	 97
   48.50000000    	 0.00000000     	 98
   49.50000000    	 0.00000000     	 99


#   102   100    1     101   14.001  
   -49.50000000    	 0.00000000     	 0
   -48.50000000    	 0.00000000     	 1
   -47.50000000    	 0.00000000     	 2
   -46.50000000    	 0.00000000     	 3
   -45.50000000    	 0.00000000     	 4
   -44.50000000    	 0.00000000     	 5
   -43.50000000    	 0.00000000     	 6
   -42.50000000    	 0.00000000     	 7
   -41.50000000    	 0.00000000     	 8
   -40.50000000    	 0.00000000     	 9
   -39.50000000    	 0.00000000     	 10
   -38.50000000    	 0.00000000     	 11
   -37.50000000    	 0.00000000     	 12
   -36.50000000    	 0.00000000     	 13
   -35.50000000    	 0.00000000     	 14
   -34.50000000    	 0.00000000     	 15
   -33.50000000    	 0.00000000     	 16
   -32.50000000    	 0.00000000     	 17
   -31.50000000    	 0.00000000     	 18
   -30.50000000    	 0.00000000     	 19
   -29.50000000    	 0.00000000     	 20
   -28.50000000    	 0.00000000     	 21
   -27.50000000    	 0.00000000     	 22
   -26.50000000    	 0.00000000     	 23
   -25.50000000    	 0.00000000     	 24
   -24.50000000    	 0.00000000     	 25
   -23.50000000    	 0.00000000     	 26
   -22.50000000    	 0.00000000     	 27
   -21.50000000    	 0.00000000     	 28
   -20.50000000    	 0.00000000     	 29
   -19.50000000    	 0.00000000     	 30
   -18.50000000    	 0.00000000     	 31
   -17.50000000    	 0.00000000     	 32
   -16.50000000    	 0.00000000     	 33
   -15.50000000    	 0.00000000     	 34
   -14.50000000    	 0.00000000     	 35
   -13.50000000    	 0.00000000     	 36
   -12.50000000    	 0.00000000     	 37
   -11.50000000    	 0.00000000     	 38
   -10.50000000    	 0.00000000     	 39
   -9.50000000    	 0.00000000     	 40
   -8.50000000    	 0.00000000     	 41
   -7.50000000    	 0.00000000     	 42
   -6.50000000    	 0.00000000     	 43
   -5.50000000    	 0.00000000     	 44
   -4.50000000    	 0.00000000     	 45
   -3.50000000    	 0.00000000     	 46
   -2.50000000    	 0.00000000     	 47
   -1.50000000    	 0.00000000     	 48
   -0.50000000    	 0.00000000     	 49
   0.50000000    	 0.00000000     	 50
   1.50000000    	 0.00000000     	 51
   2.50000000    	 0.00000000     	 52
   3.50000000    	 0.00000000     	 53
   4.50000000    	 0.00000000     	 54
   5.50000000    	 0.00000000     	 55
   6.50000000    	 0.00000000     	 56
   7.50000000    	 0.00000000     	 57
   8.50000000    	 0.00000000     	 58
   9.50000000    	 0.00000000     	 59
   10.50000000    	 0.00000000     	 60
   11.50000000    	 0.00000000     	 61
   12.50000000    	 0.00000000     	 62
   13.50000000    	 0.00000000     	 63
   14.50000000    	 0.00000000     	 64
   15.50000000    	 0.00000000     	 65
   16.50000000    	 0.00000000     	 66
   17.50000000    	 0.00000000     	 67
   18.50000000    	 0.00000000     	 68
   19.50000000    	 0.00000000     	 69
   20.50000000    	 0.00000000     	 70
   21.50000000    	 0.00000000     	 71
   22.50000000    	 0.00000000     	 72
   23.50000000    	 0.00000000     	 73
   24.50000000    	 0.00000000     	 74
   25.50000000    	 0.00000000     	 75
   26.50000000    	 0.00000000     	 76
   27.50000000    	 0.00000000     	 77
   28.50000000    	 0.00000000     	 78
   29.50000000    	 0.00000000     	 79
   30.50000000    	 0.00000000     	 80
   31.50000000    	 0.00000000     	 81
   32.50000000    	 0.00000000     	 82
   33.50000000    	 0.00000000     	 83
   34.50000000    	 0.00000000     	 84
   35.50000000    	 0.00000000     	 85
   36.50000000    	 0.00000000     	 86
   37.50000000    	 0.00000000     	 87
   38.50000000    	 0.00000000     	 88
   39.50000000    	 0.00000000     	 89
   40.50000000    	 0.00000000     	 90
   41.50000000    	 0.00000000     	 91
   42.50000000    	 0.00000000     	 92
   43.50000000    	 0.00000000     	 93
   44.50000000    	 0.00000000     	 94
   45.50000000    	 0.00000000     	 95
   46.50000000    	 0.00000000     	 96
   47.50000000    	 0.00000000     	 97
   48.50000000    	 0.00000000     	 98
   49.50000000    	 0.00000000     	 99


#   102   100    1     101   15.001  
   -49.50000000    	 0.00000000     	 0
   -48.50000000    	 0.00000000     	 1
   -47.50000000    	 0.00000000     	 2
   -46.50000000    	 0.00000000     	 3
   -45.50000000    	 0.00000000     	 4
   -44.50000000    	 0.00000000     	 5
   -43.50000000    	 0.00000000     	 6
   -42.50000000    	 0.00000000     	 7
   -41.50000000    	 0.00000000     	 8
   -40.50000000    	 0.00000000     	 9
   -39.50000000    	 0.00000000     	 10
   -38.50000000    	 0.00000000     	 11
   -37.50000000    	 0.00000000     	 12
   -36.50000000    	 0.00000000     	 13
   -35.50000000    	 0.00000000     	 14
   -34.50000000    	 0.00000000     	 15
   -33.50000000    	 0.00000000     	 16
   -32.50000000    	 0.00000000     	 17
   -31.50000000    	 0.00000000     	 18
   -30.50000000    	 0.00000000     	 19
   -29.50000000    	 0.00000000     	 20
   -28.50000000    	 0.00000000     	 21
   -27.50000000    	 0.00000000     	 22
   -26.50000000    	 0.00000000     	 23
   -25.50000000    	 0.00000000     	 24
   -24.50000000    	 0.00000000     	 25
   -23.50000000    	 0.00000000     	 26
   -22.50000000    	 0.00000000     	 27
   -21.50000000    	 0.00000000     	 28
   -20.50000000    	 0.00000000     	 29
   -19.50000000    	 0.00000000     	 30
   -18.50000000    	 0.00000000     	 31
   -17.50000000    	 0.00000000     	 32
   -16.50000000    	 0.00000000     	 33
   -15.50000000    	 0.00000000     	 34
   -14.50000000    	 0.00000000     	 35
   -13.50000000    	 0.00000000     	 36
   -12.50000000    	 0.00000000     	 37
   -11.50000000    	 0.00000000     	 38
   -10.50000000    	 0.00000000     	 39
   -9.50000000    	 0.00000000     	 40
   -8.50000000    	 0.00000000     	 41
   -7.50000000    	 0.00000000     	 42
   -6.50000000    	 0.00000000     	 43
   -5.50000000    	 0.00000000     	 44
   -4.50000000    	 0.00000000     	 45
   -3.50000000    	 0.00000000     	 46
   -2.50000000    	 0.00000000     	 47
   -1.50000000    	 0.00000000     	 48
   -0.50000000    	 0.00000000     	 49
   0.50000000    	 0.00000000     	 50
   1.50000000    	 0.00000000     	 51
   2.50000000    	 0.00000000     	 52
   3.50000000    	 0.00000000     	 53
   4.50000000    	 0.00000000     	 54
   5.50000000    	 0.00000000     	 55
   6.50000000    	 0.00000000     	 56
   7.50000000    	 0.00000000     	 57
   8.50000000    	 0.00000000     	 58
   9.50000000    	 0.00000000     	 59
   10.50000000    	 0.00000000     	 60
   11.50000000    	 0.00000000     	 61
   12.50000000    	 0.00000000     	 62
   13.50000000    	 0.00000000     	 63
   14.50000000    	 0.00000000     	 64
   15.50000000    	 0.00000000     	 65
   16.50000000    	 0.00000000     	 66
   17.50000000    	 0.00000000     	 67
   18.50000000    	 0.00000000     	 68
   19.50000000    	 0.00000000     	 69
   20.50000000    	 0.00000000     	 70
   21.50000000    	 0.00000000     	 71
   22.50000000    	 0.00000000     	 72
   23.50000000    	 0.00000000     	 73
   24.50000000    	 0.00000000     	 74
   25.50000000    	 0.00000000     	 75
   26.50000000    	 0.00000000     	 76
   27.50000000    	 0.00000000     	 77
   28.50000000    	 0.00000000     	 78
   29.50000000    	 0.00000000     	 79
   30.50000000    	 0.00000000     	 80
   31.50000000    	 0.00000000     	 81
   32.50000000    	 0.00000000     	 82
   33.50000000    	 0.00000000     	 83
   34.50000000    	 0.00000000     	 84
   35.50000000    	 0.00000000     	 85
   36.50000000    	 0.00000000     	 86
   37.50000000    	 0.00000000     	 87
   38.50000000    	 0.00000000     	 88
   39.50000000    	 0.00000000     	 89
   40.50000000    	 0.00000000     	 90
   41.50000000    	 0.00000000     	 91
   42.50000000    	 0.00000000     	 92
   43.50000000    	 0.00000000     	 93
   44.50000000    	 0.00000000     	 94
   45.50000000    	 0.00000000     	 95
   46.50000000    	 0.00000000     	 96
   47.50000000    	 0.00000000     	 97
   48.50000000    	 0.00000000     	 98
   49.50000000    	 0.00000000     	 99


